12.722590498956437
16.061521666899402
13.900065133684821
16.602963068725263
12.604631415261373
18.077801679251774
30.034250026145408
9.856894323251174
20.450322016917603
15.705519452260013
18.735998871828237
17.918161939371373
14.50659829986072
10.59461938359603
20.800828698019327
16.618739664192336
10.527441019677461
13.39933825409897
18.527625479025993
15.733423902239378
21.825902837360093
15.366911992665809
14.352428089690532
10.752066262597435
16.772737818775777
14.842099154445645
19.122928640171338
15.49655120403171
19.96311013297425
15.230204230369878
20.91106596144589
16.477756817903597
21.801159375849796
15.373607734898686
17.75529728701693
18.97576215623048
14.448655811823333
14.170717832064073
18.600417513070965
17.68363482868782
24.651247347680656
10.664091500157106
19.87940937201273
15.088002566788827
19.191467006495703
20.485478666334185
13.660435463590005
30.344296654780702
10.856477311240893
14.900354294424368
19.69392962906703
10.393979008180171
28.122846152355223
13.396595504869325
27.900868431650753
11.154635785900467
21.166524354127475
18.885881251704664
11.211827664034965
17.836348033931355
12.823419463513423
21.403908098529236
15.95948369392177
19.66783095203387
14.280905092288407
24.12225540120771
17.0948849038097
23.87480260839182
13.989894174459279
15.566233020132483
11.923189151723287
24.065875037734042
21.334093344953207
23.08661174294609
15.408370495458662
17.873916197374996
17.408181802782973
19.416457103103365
21.8227441011574
18.17196082630916
9.669672738581905
30.079851819876595
20.564322612431877
11.64201613545135
26.91664851253721
12.308302447146286
19.543030797576044
14.658434651777053
18.406922154288896
15.007459915539929
16.657550994029272
21.41724997449718
14.763398437425925
26.470438182639104
17.391658453990907
15.895388754991869
18.57918468209286
21.454640779470086
21.070325743211814
21.216084275991314
28.824348835795057
11.423580594106605
17.56824815071436
15.228350595422546
26.323006909472134
13.154992369490294
19.257406301016463
16.263203915346356
18.27361147917286
20.617188349275274
14.505823924553733
29.17209206127168
16.307960966690377
12.342633074338234
16.260433094761506
21.256464068691173
26.503178108170534
17.43877245446767
15.896591900671385
15.835197905299944
21.222045713970296
22.458935577172596
24.42638716414224
24.143457100736526
29.44729792938072
22.662661277310438
25.40314527690904
25.722923267220306
17.789166387731733
12.34303673670564
16.617344006102226
24.12540973034046
29.8964481705556
19.68842388166141
13.923698556961597
16.83454162570416
15.455881204702905
18.527441755644077
17.427370244436517
26.765291580693585
19.02531525210975
21.21456471684398
18.071361675035128
18.198196228881596
16.84662657088598
14.04293555483528
17.010235108862467
22.55650751214587
15.515843084287118
30.00053746981272
25.707095515806046
14.523433234520171
21.15672048013113
21.180615808071604
22.12392179742635
12.62202494662741
18.518035581076933
17.237409192179364
29.311584363770983
14.835640553220236
27.88064982328144
26.263992984217513
23.375683060324214
13.82961011108153
9.492878242526729
29.108412431648635
25.227685401895204
20.24705004533579
24.847036806737837
14.596321965676418
11.232427837396704
12.986115781339816
12.29079597755757
16.614323016894346
13.815013928974059
29.07754040986605
15.586228074612144
12.612780354781485
22.354825965786738
23.48701975888664
20.821837421218994
14.984014242428387
12.84743460670814
24.69973899696768
27.10107745988436
16.124298243250472
15.262155598068999
16.647924649379558
16.893754922678262
11.748916596908602
23.289027184433543
17.218937515275673
14.613964504983366
16.01461801206851
16.040583831983582
11.056799460418398
21.0746663563703
22.75969314328895
12.395665708140802
21.104523446132507
11.20194883488298
18.112383546776723
14.44764259375778
16.33963919187663
15.720508207937756
24.71785437446737
15.108151328973253
16.670318151880824
15.649981331216928
30.228232369663615
23.110005275135926
14.402332195422485
13.246490364842186
16.218422305649575
24.603763943135252
15.157618809800182
16.61774067544334
18.454461209041625
18.01135516329695
22.54831441385917
22.255608051597278
16.405375330902263
21.844912499133418
20.826771331696147
21.704423575317712
19.789666222264156
11.434245165976057
25.83499594921184
10.405454447383617
19.862494839359123
19.930797346087505
20.917311638523355
15.447504158210842
22.919939267031733
15.390588181863974
25.881174553356875
26.770329045095316
15.68579123491134
13.773070860357171
25.39212019638606
16.701458803851118
15.907774316648371
28.98108831234977
16.37647462587982
20.77510584075133
18.98818370837987
10.536825693548673
18.876845811450405
14.635728804883243
13.14636941921049
15.095008478964036
23.37310950040714
15.851569551148849
11.267325694870603
22.36038584057164
25.704921339736966
28.613255133259944
14.132761828428563
15.898930741308218
30.066496808772897
16.093918674906078
13.82505006239521
17.92070304307384
15.881119476744573
14.00334950378073
18.72378130126893
14.336740124130982
19.42331419314107
25.78190393121413
13.191517873974275
18.567271885748745
16.72022474068005
14.27800195026028
15.243943978694787
20.31694314608801
19.5746130386426
18.020382248071304
8.873466535393954
30.136965278125032
12.0647534350118
11.308002588432343
17.784679252836657
23.888653642148313
16.420399591498704
18.231716566194176
27.850035132954645
13.464585225250298
16.74942699610417
29.96012157203575
19.591721012154633
16.497019364389864
28.716066484858054
21.72880777344972
17.20562950772815
21.586900314062074
19.42365949471781
28.01535552937988
28.43332509142099
16.51615795002766
15.769254730156366
18.48549896570436
12.679786690918979
19.325583494685187
14.767656194456569
16.267053393774717
11.43602830442234
28.110151079779044
20.53187224589226
12.185883535226342
13.31297951281375
22.236601666595114
27.644395086481165
15.082236978887053
11.265917797146512
17.505684021711033
19.794294276507173
17.3960969483797
13.76180915216869
20.408127536590644
27.084734905027663
18.54989258676668
17.12260003995843
15.859563126795882
15.123345103233842
25.56887626966512
14.550079893213177
19.213186885383777
14.47832518958021
21.7582744336092
12.814077177106515
13.333455930965984
14.374417278467837
27.785530427497115
15.957757181839584
16.990383421050765
15.45308160566794
18.576742265555016
18.380927523110426
30.026499209794938
12.86195878581592
17.75592320093222
21.7056754047351
17.05101668944834
19.59666891220692
28.087180383987516
13.415766595831034
25.825339025738785
13.981671429138046
19.542940358910077
17.00154524249458
27.569706124268
18.171453783651646
14.979726177113973
17.510984453739795
11.34387594709808
21.612666852857814
21.10329254589231
29.972940567939716
14.04651378713409
21.171610685414514
14.723408738874205
18.540994171684492
29.192187708112883
13.065143313647052
16.74205658406908
13.24872053461036
19.19586126910664
13.220007241188652
16.34450436996865
17.071299503967012
18.647672441686883
18.174952470350174
28.668500902199213
14.725540074887517
21.4211516570362
16.81218441970878
20.051683909084907
17.842545878072233
11.79555098064204
30.3468416467078
19.924118468939476
20.427071807243543
20.959980216002037
22.88551038712504
16.521536368605425
17.612315207282347
12.806286438607362
28.312639274669657
16.452271150930404
16.663383897561562
25.35512340864251
19.76086226720371
24.91683037684444
19.04109858516193
17.19749489869078
13.938462168607138
22.13385581602809
10.55338889350084
19.468371757452346
19.21933980741041
15.4805298882612
9.389399991589379
13.386809952724187
25.850465587417776
17.31139388689664
15.296358476246557
21.07505019342416
25.489937887111925
17.992742128103096
16.667708550057807
20.149030295513093
17.981036853635874
10.976926722510672
18.315083834662516
20.94068670458426
18.639525749074206
12.344478336449017
12.857860331793546
23.605539593551676
26.91657696359585
15.170441078009254
14.196108029940788
30.455403155863507
18.10423201128328
13.909203064428663
12.259407824657298
7.891280551193851
28.201231584574145
12.966723731929621
15.393201308547368
11.166254719467037
18.53295493245618
14.978655822825448
12.960503477086887
18.474205671013006
29.721067579471267
12.006538954844787
10.077031316064902
21.36792228557565
12.472461398450276
15.07185898213154
21.105026802180557
15.894745011134345
17.167328909048898
22.6715431209358
25.52436195477572
26.147282502065995
14.481563480104018
13.08704522500076
15.570826461719768
16.193943761120295
14.737600780547679
15.771144335721525
26.72617704336546
29.819590346556613
21.89643406543395
16.721384522744156
14.381576275912655
17.162965140108835
23.543106598840804
16.458154283744893
11.341055719114143
28.820400646622097
24.879315933104817
14.110996690314206
19.763828982613216
21.37275547429063
20.38932976514267
12.884957091005203
19.693845934752645
16.1546497934824
20.457974528942245
20.912857647236585
17.17579753715186
18.114151242599604
15.210592254158955
19.749412188858653
20.69713702614596
16.02214257571363
12.323477306424634
24.993913994238635
19.952367458449913
25.801114750721947
25.406130284835278
25.390573064696483
16.73738370588384
8.663067949507836
18.886689087302113
13.736762425470008
19.073511960534937
12.986875157364558
9.569195105554797
16.36883329204106
15.438019185226057
11.934860932358182
29.818594685467875
23.409425670795343
19.84220451420712
14.356673407627904
27.304729880573753
29.842191307494552
17.273729656654872
26.538053128727334
14.147150506373315
16.095678303965617
29.97526571155678
19.599386340119718
17.9653476769898
18.5336949099417
22.60113978208234
12.29565930977764
17.892731092614845
16.87185063102798
17.604935133412674
18.43768771374444
15.771447174287582
14.161727098352054
15.956208448202927
20.324780740202616
11.840563985950945
18.895274570187713
15.961498242593475
22.572469649170102
8.917602718902648
16.50614069440042
11.871936443201054
13.82957625757041
15.224696942286341
18.92304693935174
23.8981602024183
27.616036143609154
17.73121341923925
25.116104487727007
14.592900665829866
21.063396857587836
15.813989996838558
18.9943604976861
9.619646703407287
17.783511813166722
17.729603916304413
7.611240121924294
10.198421908606392
12.957761860494873
18.43320889728166
11.044724488052214
21.99764578643649
20.65102576597617
17.707443668274536
28.524645878532542
18.09666320313121
21.078338306236173
24.634646211842405
26.7990752085924
17.87045429069395
22.98195806669811
12.561415102460428
17.773245783163496
15.213567711301737
12.222291923728028
15.491558380920615
24.131874928126336
24.80971983233474
10.310767106146393
23.989186177477485
15.12558776717441
21.793774809599284
13.353683674830421
14.149123105660353
20.5164824426478
17.26104009899094
19.45360083160792
26.69056170521965
17.123346797367464
21.517319910471784
18.840728448906162
23.05680528411529
14.687751610242007
14.593435735711926
17.6283633288218
13.297244264402252
19.612552017895286
10.653161200336077
19.67965332994407
11.422712470304797
18.153306750905514
18.667129002373507
22.610753667478715
22.419088568845098
11.119622422022578
15.35946224236122
24.371719891114253
21.82213856999362
9.697681820109326
23.29345220249071
15.608812655234676
27.37673110414282
14.05531871979961
14.717843562706998
13.018953820490825
14.449004463176756
19.588596026086798
20.563726450791755
18.990802604582246
14.97370963803254
7.954132766647832
14.553659255951233
25.0517659988888
22.883994650136408
18.21627491810339
13.604375629358838
19.7824912786241
18.40974981305503
12.569859504049662
18.212816012615995
14.106989307058317
7.3872508315793075
16.566064856836448
20.170701558033908
12.395049246678093
14.925294430876802
15.643152333464796
24.737606409864537
18.616961213964352
28.83108211535184
29.84607644097845
9.522082316496252
18.21696449248675
17.25904349079057
11.58680220286122
15.801745286562923
8.907397749311015
21.020078343093424
10.705752237643363
18.52519495735493
28.978014320208565
11.210223453461348
15.808795074574777
18.843698134915556
16.85761061955255
18.44070620468561
12.03739699118388
13.625415082916899
14.280036306828231
18.69367399807273
1.3520217461397817
1.3520217461397817
1.3520217461397817
1.3520217461397817
1.3520217461397817
1.3520217461397817
1.3520217461397817
1.3520217461397817
1.3520217461397817
1.3520217461397817
1.3520217461397817
1.3520217461397817
1.3520217461397817
1.3520217461397817
1.3520217461397817
1.3520217461397817
1.3520217461397817
1.3520217461397817
1.3520217461397817
1.3520217461397817
1.3520217461397817
1.3520217461397817
1.3520217461397817
1.3520217461397817
1.3520217461397817
1.3520217461397817
1.3520217461397817
1.3520217461397817
1.3520217461397817
1.3520217461397817
1.3520217461397817
1.3520217461397817
1.3520217461397817
1.3520217461397817
1.3520217461397817
1.3520217461397817
1.3520217461397817
1.3520217461397817
1.3520217461397817
1.3520217461397817
1.3520217461397817
1.3520217461397817
1.3520217461397817
1.3520217461397817
1.3520217461397817
1.3520217461397817
1.3520217461397817
1.3520217461397817
1.3520217461397817
1.3520217461397817
1.3520217461397817
1.3520217461397817
1.3520217461397817
1.3520217461397817
1.3520217461397817
1.3520217461397817
1.3520217461397817
1.3520217461397817
1.3520217461397817
1.3520217461397817
1.3520217461397817
1.3520217461397817
1.3520217461397817
1.3520217461397817
1.3520217461397817
1.3520217461397817
1.3520217461397817
1.3520217461397817
1.3520217461397817
1.3520217461397817
1.3520217461397817
1.3520217461397817
1.3520217461397817
1.3520217461397817
1.3520217461397817
1.3520217461397817
1.3520217461397817
1.3520217461397817
1.3520217461397817
1.3520217461397817
1.3520217461397817
1.3520217461397817
1.3520217461397817
1.3520217461397817
1.3520217461397817
1.3520217461397817
1.3520217461397817
1.3520217461397817
1.3520217461397817
1.3520217461397817
1.3520217461397817
1.3520217461397817
1.3520217461397817
1.3520217461397817
1.3520217461397817
1.3520217461397817
1.3520217461397817
1.3520217461397817
1.3520217461397817
1.3520217461397817
1.3520217461397817
1.3520217461397817
1.3520217461397817
1.3520217461397817
1.3520217461397817
1.3520217461397817
1.3520217461397817
1.3520217461397817
1.3520217461397817
1.3520217461397817
1.3520217461397817
1.3520217461397817
1.3520217461397817
1.3520217461397817
1.3520217461397817
1.3520217461397817
1.3520217461397817
1.3520217461397817
1.3520217461397817
1.3520217461397817
1.3520217461397817
1.3520217461397817
1.3520217461397817
1.3520217461397817
1.3520217461397817
1.3520217461397817
1.3520217461397817
1.3520217461397817
1.3520217461397817
1.3520217461397817
1.3520217461397817
1.3520217461397817
1.3520217461397817
1.3520217461397817
1.3520217461397817
1.3520217461397817
1.3520217461397817
1.3520217461397817
1.3520217461397817
1.3520217461397817
1.3520217461397817
1.3520217461397817
1.3520217461397817
1.3520217461397817
1.3520217461397817
1.3520217461397817
1.3520217461397817
1.3520217461397817
1.3520217461397817
1.3520217461397817
1.3520217461397817
1.3520217461397817
1.3520217461397817
1.3520217461397817
1.3520217461397817
1.3520217461397817
1.3520217461397817
1.3520217461397817
1.3520217461397817
1.3520217461397817
1.3520217461397817
1.3520217461397817
1.3520217461397817
1.3520217461397817
1.3520217461397817
1.3520217461397817
1.3520217461397817
1.3520217461397817
1.3520217461397817
1.3520217461397817
1.3520217461397817
1.3520217461397817
1.3520217461397817
1.3520217461397817
1.3520217461397817
1.3520217461397817
1.3520217461397817
1.3520217461397817
1.3520217461397817
1.3520217461397817
1.3520217461397817
1.3520217461397817
1.3520217461397817
1.3520217461397817
1.3520217461397817
1.3520217461397817
1.3520217461397817
1.3520217461397817
1.3520217461397817
1.3520217461397817
1.3520217461397817
1.3520217461397817
1.3520217461397817
1.3520217461397817
1.3520217461397817
1.3520217461397817
1.3520217461397817
1.3520217461397817
1.3520217461397817
1.3520217461397817
1.3520217461397817
1.3520217461397817
1.3520217461397817
1.3520217461397817
1.3520217461397817
1.3520217461397817
1.3520217461397817
1.3520217461397817
1.3520217461397817
1.3520217461397817
1.3520217461397817
1.3520217461397817
1.3520217461397817
1.3520217461397817
1.3520217461397817
1.3520217461397817
1.3520217461397817
1.3520217461397817
1.3520217461397817
1.3520217461397817
1.3520217461397817
1.3520217461397817
1.3520217461397817
1.3520217461397817
1.3520217461397817
1.3520217461397817
1.3520217461397817
1.3520217461397817
1.3520217461397817
1.3520217461397817
1.3520217461397817
1.3520217461397817
1.3520217461397817
1.3520217461397817
1.3520217461397817
1.3520217461397817
1.3520217461397817
1.3520217461397817
1.3520217461397817
1.3520217461397817
1.3520217461397817
1.3520217461397817
1.3520217461397817
1.3520217461397817
1.3520217461397817
1.3520217461397817
1.3520217461397817
1.3520217461397817
1.3520217461397817
1.3520217461397817
1.3520217461397817
1.3520217461397817
1.3520217461397817
1.3520217461397817
1.3520217461397817
1.3520217461397817
1.3520217461397817
1.3520217461397817
1.3520217461397817
1.3520217461397817
1.3520217461397817
1.3520217461397817
1.3520217461397817
1.3520217461397817
1.3520217461397817
1.3520217461397817
1.3520217461397817
1.3520217461397817
1.3520217461397817
1.3520217461397817
1.3520217461397817
1.3520217461397817
1.3520217461397817
1.3520217461397817
1.3520217461397817
1.3520217461397817
1.3520217461397817
1.3520217461397817
1.3520217461397817
1.3520217461397817
